346643.29805108026,4070387.7533952305
346643.29769504874,4070387.8036206737
346643.2973390172,4070387.853846117
346643.2969829857,4070387.90407156
346643.29662695416,4070387.9542970033
346643.29627092264,4070388.0045224465
346643.2959148911,4070388.0547478897
346643.2955588596,4070388.104973333
346643.29520282807,4070388.155198776
346643.29484679655,4070388.2054242194
346643.294490765,4070388.2556496626
346643.2941347335,4070388.305875106
346643.293778702,4070388.356100549
346643.29342267045,4070388.406325992
346643.29306663893,4070388.4565514354
346643.2927106074,4070388.5067768786
346643.2923545759,4070388.557002322
346643.29199854436,4070388.607227765
346643.29164251284,4070388.657453208
346643.2912864813,4070388.7076786514
346643.2909304498,4070388.7579040946
346643.29057441826,4070388.808129538
346643.29021838674,4070388.858354981
346643.2898623552,4070388.9085804243
346643.2895063237,4070388.9588058675
346643.28915029217,4070389.0090313107
346643.28879426065,4070389.059256754
346643.2884382291,4070389.109482197
346643.2880821976,4070389.1597076403
346643.2877261661,4070389.2099330835
346643.28737013455,4070389.2601585267
346643.287014103,4070389.31038397
346643.2866580715,4070389.360609413
346643.28630204,4070389.4108348563
346643.28594600846,4070389.4610602995
346643.28558997693,4070389.5112857427
346643.2852339454,4070389.561511186
346643.2848779139,4070389.611736629
346643.28452188236,4070389.6619620724
346643.28416585084,4070389.7121875156
346643.2838098193,4070389.762412959
346643.2834537878,4070389.812638402
346643.28309775627,4070389.862863845
346643.28274172475,4070389.9130892884
346643.2823856932,4070389.9633147316
346643.2820296617,4070390.013540175
346643.2816736302,4070390.063765618
346643.28131759865,4070390.113991061
346643.2809615671,4070390.1642165044
346643.2806055356,4070390.2144419476
346643.2802495041,4070390.264667391
346643.27989347256,4070390.314892834
346643.27953744103,4070390.3651182773
346643.2791814095,4070390.4153437205
346643.278825378,4070390.4655691637
346643.27846934646,4070390.515794607
346643.27811331494,4070390.56602005
346643.2777572834,4070390.6162454933
346643.2774012519,4070390.6664709365
346643.27704522037,4070390.7166963797
346643.27668918885,4070390.766921823
346643.2763331573,4070390.817147266
346643.2759771258,4070390.8673727093
346643.2756210943,4070390.9175981525
346643.27526506275,4070390.9678235957
346643.2749090312,4070391.018049039
346643.2745529997,4070391.068274482
346643.2741969682,4070391.1184999254
346643.27384093666,4070391.1687253686
346643.27348490513,4070391.218950812
346643.2731288736,4070391.269176255
346643.2727728421,4070391.319401698
346643.27241681056,4070391.3696271414
346643.27206077904,4070391.4198525846
346643.2717047475,4070391.470078028
346643.271348716,4070391.520303471
346643.27099268447,4070391.570528914
346643.27063665295,4070391.6207543574
346643.2702806214,4070391.6709798006
346643.2699245899,4070391.721205244
346643.2695685584,4070391.771430687
346643.26921252685,4070391.8216561303
346643.2688564953,4070391.8718815735
346643.2685004638,4070391.9221070167
346643.2681444323,4070391.97233246
346643.26778840076,4070392.022557903
346643.26743236923,4070392.0727833463
346643.2670763377,4070392.1230087895
346643.2667203062,4070392.1732342327
346643.26636427466,4070392.223459676
346643.26600824314,4070392.273685119
346643.2656522116,4070392.3239105623
346643.2652961801,4070392.3741360055
346643.26494014857,4070392.4243614487
346643.26458411705,4070392.474586892
346643.2642280855,4070392.524812335
346643.263872054,4070392.5750377784
346643.2635160225,4070392.6252632216
346643.26315999095,4070392.675488665
346643.2628039594,4070392.725714108
346643.2624479279,4070392.775939551
346643.2620918964,4070392.8261649944
346643.26173586486,4070392.8763904376
346643.26137983333,4070392.926615881
346643.2610238018,4070392.976841324
346643.2610237996,4070392.976841346
346643.2271749364,4070393.074918297
346643.1933260732,4070393.166229314
346643.15947720996,4070393.251034416
346643.1256283467,4070393.3295936184
346643.0917794835,4070393.4021669393
346643.05793062027,4070393.469014395
346643.02408175706,4070393.530396003
346642.99023289385,4070393.5865717796
346642.95638403064,4070393.637801743
346642.9225351674,4070393.684345909
346642.88868630416,4070393.7264642958
346642.85483744094,4070393.7644169196
346642.82098857773,4070393.798463798
346642.7871397145,4070393.828864947
346642.7532908513,4070393.855880385
346642.7194419881,4070393.879770128
346642.6855931249,4070393.900794193
346642.6517442616,4070393.9192125984
346642.6178953984,4070393.9352853596
346642.5840465352,4070393.9492724948
346642.550197672,4070393.9614340207
346642.5163488088,4070393.9720299537
346642.48249994556,4070393.9813203113
346642.44865108235,4070393.9895651108
346642.4148022191,4070393.997024369
346642.38095335587,4070394.003958103
346642.34710449266,4070394.0106263296
346642.31325562944,4070394.017289066
346642.27940676623,4070394.024206329
346642.245557903,4070394.031638136
346642.2117090398,4070394.039844504
346642.1778601766,4070394.0490854494
346642.1440113133,4070394.0596209904
346642.1101624501,4070394.0716970605
346642.0763135869,4070394.085509111
346642.0424647237,4070394.101241287
346642.0086158605,4070394.119077728
346641.9747669973,4070394.139202578
346641.94091813406,4070394.1617999785
346641.9070692708,4070394.187054072
346641.8732204076,4070394.2151490008
346641.83937154437,4070394.2462689076
346641.80552268116,4070394.2805979345
346641.77167381794,4070394.3183202236
346641.73782495473,4070394.359619918
346641.7039760915,4070394.4046811587
346641.67012722825,4070394.4536880897
346641.63627836504,4070394.5068248515
346641.6024295018,4070394.5642755874
346641.5685806386,4070394.6262244405
346641.5347317754,4070394.6928555514
346641.5008829122,4070394.764353064
346641.467034049,4070394.8409011196
346641.4331851857,4070394.9226838616
346641.3993363225,4070395.009885431
346641.3654874593,4070395.1026899703
346641.3316385961,4070395.201281623
346641.3316385961,4070395.201281623
346641.3332576919,4070395.2513757115
346641.3348767877,4070395.3014698
346641.3364958835,4070395.3515638886
346641.33811497927,4070395.401657977
346641.33973407507,4070395.4517520657
346641.34135317086,4070395.501846154
346641.34297226666,4070395.5519402428
346641.34459136246,4070395.6020343313
346641.34621045826,4070395.65212842
346641.34782955406,4070395.7022225084
346641.34944864985,4070395.752316597
346641.35106774565,4070395.8024106855
346641.35268684145,4070395.852504774
346641.35430593725,4070395.9025988625
346641.35592503304,4070395.952692951
346641.35754412884,4070396.0027870396
346641.35916322464,4070396.052881128
346641.36078232044,4070396.1029752167
346641.36240141623,4070396.1530693052
346641.36402051203,4070396.203163394
346641.36563960783,4070396.2532574823
346641.3672587036,4070396.303351571
346641.3688777994,4070396.3534456594
346641.3704968952,4070396.403539748
346641.372115991,4070396.4536338365
346641.3737350868,4070396.503727925
346641.3753541826,4070396.5538220135
346641.3769732784,4070396.603916102
346641.3785923742,4070396.6540101906
346641.38021147,4070396.704104279
346641.3818305658,4070396.7541983677
346641.3834496616,4070396.8042924562
346641.3850687574,4070396.854386545
346641.3866878532,4070396.9044806333
346641.388306949,4070396.954574722
346641.3899260448,4070397.0046688104
346641.3915451406,4070397.054762899
346641.3931642364,4070397.1048569875
346641.3947833322,4070397.154951076
346641.396402428,4070397.2050451646
346641.3980215238,4070397.255139253
346641.3996406196,4070397.3052333416
346641.4012597154,4070397.35532743
346641.4028788112,4070397.4054215187
346641.404497907,4070397.4555156073
346641.40611700277,4070397.505609696
346641.40773609857,4070397.5557037843
346641.40935519437,4070397.605797873
346641.41097429016,4070397.6558919614
346641.41259338596,4070397.70598605
346641.41421248176,4070397.7560801385
346641.41583157756,4070397.806174227
346641.41745067335,4070397.8562683156
346641.41906976915,4070397.906362404
346641.42068886495,4070397.9564564927
346641.42230796075,4070398.006550581
346641.42392705654,4070398.0566446697
346641.42554615234,4070398.1067387583
346641.42716524814,4070398.156832847
346641.42878434394,4070398.2069269354
346641.43040343974,4070398.257021024
346641.43202253553,4070398.3071151124
346641.43364163133,4070398.357209201
346641.4352607271,4070398.4073032895
346641.4368798229,4070398.457397378
346641.4384989187,4070398.5074914666
346641.4401180145,4070398.557585555
346641.4417371103,4070398.6076796437
346641.4433562061,4070398.657773732
346641.4449753019,4070398.7078678207
346641.4465943977,4070398.7579619093
346641.4482134935,4070398.808055998
346641.4498325893,4070398.8581500864
346641.4514516851,4070398.908244175
346641.4530707809,4070398.9583382634
346641.4546898767,4070399.008432352
346641.4563089725,4070399.0585264405
346641.4579280683,4070399.108620529
346641.4595471641,4070399.1587146176
346641.4611662599,4070399.208808706
346641.4627853557,4070399.2589027947
346641.4644044515,4070399.308996883
346641.4660235473,4070399.3590909718
346641.4676426431,4070399.4091850603
346641.4692617389,4070399.459279149
346641.4708808347,4070399.5093732374
346641.4724999305,4070399.559467326
346641.4741190263,4070399.6095614145
346641.47573812207,4070399.659655503
346641.47735721787,4070399.7097495915
346641.47897631367,4070399.75984368
346641.48059540946,4070399.8099377686
346641.48221450526,4070399.860031857
346641.48383360106,4070399.9101259457
346641.48545269686,4070399.9602200342
346641.48707179265,4070400.010314123
346641.48869088845,4070400.0604082113
346641.49030998425,4070400.1105023
346641.49192908005,4070400.1605963884
346641.49354817584,4070400.210690477
346641.49516727164,4070400.2607845655
346641.49516727356,4070400.260784543
346641.5268591199,4070400.353292271
346641.5585509662,4070400.440772226
346641.5902428125,4070400.523386184
346641.62193465885,4070400.601295918
346641.65362650517,4070400.674663203
346641.6853183515,4070400.743649813
346641.7170101978,4070400.8084175223
346641.74870204413,4070400.8691281057
346641.78039389045,4070400.9259433374
346641.8120857368,4070400.979024992
346641.8437775831,4070401.028534844
346641.8754694294,4070401.074634667
346641.90716127574,4070401.117486236
346641.93885312206,4070401.157251326
346641.9705449684,4070401.1940917103
346642.0022368147,4070401.2281691637
346642.033928661,4070401.25964546
346642.06562050735,4070401.288682375
346642.09731235367,4070401.3154416825
346642.1290042,4070401.340085156
346642.1606960463,4070401.362774571
346642.19238789263,4070401.3836717014
346642.22407973895,4070401.402938322
346642.2557715853,4070401.4207362067
346642.2874634316,4070401.4372271295
346642.3191552779,4070401.452572866
346642.35084712424,4070401.46693519
346642.38253897056,4070401.4804758755
346642.4142308169,4070401.4933566973
346642.4459226632,4070401.5057394304
346642.4776145095,4070401.5177858477
346642.50930635585,4070401.529657725
346642.54099820217,4070401.5415168353
346642.57269004843,4070401.5535249542
346642.60438189475,4070401.565843856
346642.6360737411,4070401.5786353154
346642.6677655874,4070401.592061078
346642.6994574337,4070401.606276488
346642.73114928004,4070401.621422269
346642.76284112636,4070401.6376371137
346642.7945329727,4070401.655059715
346642.826224819,4070401.6738287657
346642.8579166653,4070401.6940829596
346642.88960851164,4070401.7159609892
346642.92130035796,4070401.7396015483
346642.9529922043,4070401.7651433293
346642.9846840506,4070401.792725025
346643.0163758969,4070401.82248533
346643.04806774325,4070401.854562935
346643.0797595896,4070401.8890965353
346643.1114514359,4070401.9262248226
346643.1431432822,4070401.9660864905
346643.17483512854,4070402.0088202315
346643.20652697486,4070402.0545647396
346643.2382188212,4070402.103458707
346643.2699106675,4070402.1556408275
346643.3016025138,4070402.211249794
346643.33329436014,4070402.2704242985
346643.36498620646,4070402.3333030357
346643.3966780528,4070402.4000246977
346643.4283698991,4070402.470727978
346643.4600617454,4070402.5455515687
346643.49175359175,4070402.624634164
346643.52344543807,4070402.7081144564
346643.5551372844,4070402.7961311396
346643.5868291307,4070402.8888229057
346643.5868291307,4070402.8888229057
346643.58723122446,4070402.938968291
346643.5876333182,4070402.9891136764
346643.58803541196,4070403.0392590617
346643.5884375057,4070403.089404447
346643.58883959946,4070403.1395498323
346643.5892416932,4070403.1896952176
346643.58964378695,4070403.239840603
346643.5900458807,4070403.2899859883
346643.59044797445,4070403.3401313736
346643.5908500682,4070403.390276759
346643.59125216195,4070403.4404221443
346643.5916542557,4070403.4905675296
346643.59205634944,4070403.540712915
346643.5924584432,4070403.5908583
346643.59286053694,4070403.6410036855
346643.5932626307,4070403.691149071
346643.59366472444,4070403.741294456
346643.5940668182,4070403.7914398415
346643.59446891194,4070403.841585227
346643.5948710057,4070403.891730612
346643.59527309943,4070403.9418759975
346643.5956751932,4070403.992021383
346643.59607728693,4070404.042166768
346643.5964793807,4070404.0923121534
346643.5968814744,4070404.1424575388
346643.5972835682,4070404.192602924
346643.5976856619,4070404.2427483094
346643.5980877557,4070404.2928936947
346643.5984898494,4070404.34303908
346643.59889194317,4070404.3931844654
346643.5992940369,4070404.4433298507
346643.59969613067,4070404.493475236
346643.6000982244,4070404.5436206213
346643.60050031816,4070404.5937660066
346643.6009024119,4070404.643911392
346643.60130450566,4070404.6940567773
346643.6017065994,4070404.7442021626
346643.60210869316,4070404.794347548
346643.6025107869,4070404.8444929332
346643.60291288065,4070404.8946383186
346643.6033149744,4070404.944783704
346643.60371706815,4070404.994929089
346643.6041191619,4070405.0450744745
346643.60452125565,4070405.09521986
346643.6049233494,4070405.145365245
346643.60532544315,4070405.1955106305
346643.6057275369,4070405.245656016
346643.60612963064,4070405.295801401
346643.6065317244,4070405.3459467865
346643.60693381814,4070405.396092172
346643.6073359119,4070405.446237557
346643.60773800564,4070405.4963829424
346643.6081400994,4070405.5465283277
346643.60854219313,4070405.596673713
346643.6089442869,4070405.6468190984
346643.60934638063,4070405.6969644837
346643.6097484744,4070405.747109869
346643.6101505681,4070405.7972552544
346643.6105526619,4070405.8474006397
346643.6109547556,4070405.897546025
346643.6113568494,4070405.9476914103
346643.6117589431,4070405.9978367956
346643.6121610369,4070406.047982181
346643.6125631306,4070406.0981275663
346643.61296522437,4070406.1482729516
346643.6133673181,4070406.198418337
346643.61376941187,4070406.2485637222
346643.6141715056,4070406.2987091076
346643.61457359936,4070406.348854493
346643.6149756931,4070406.398999878
346643.61537778686,4070406.4491452635
346643.6157798806,4070406.499290649
346643.61618197436,4070406.549436034
346643.6165840681,4070406.5995814195
346643.61698616185,4070406.649726805
346643.6173882556,4070406.69987219
346643.61779034935,4070406.7500175755
346643.6181924431,4070406.800162961
346643.61859453685,4070406.850308346
346643.6189966306,4070406.9004537314
346643.61939872435,4070406.9505991167
346643.6198008181,4070407.000744502
346643.62020291184,4070407.0508898874
346643.6206050056,4070407.1010352727
346643.62100709934,4070407.151180658
346643.6214091931,4070407.2013260433
346643.62181128684,4070407.2514714287
346643.6222133806,4070407.301616814
346643.62261547433,4070407.3517621993
346643.6230175681,4070407.4019075846
346643.62341966183,4070407.45205297
346643.6238217556,4070407.5021983553
346643.6242238493,4070407.5523437406
346643.6246259431,4070407.602489126
346643.6250280368,4070407.6526345112
346643.6254301306,4070407.7027798966
346643.6258322243,4070407.752925282
346643.6262343181,4070407.803070667
346643.6266364118,4070407.8532160525
346643.62703850557,4070407.903361438
346643.6274405993,4070407.953506823
346643.62784269307,4070408.0036522085
346643.6282447868,4070408.053797594
346643.62864688056,4070408.103942979
346643.6290489743,4070408.1540883644
346643.62945106806,4070408.20423375
346643.6298531618,4070408.254379135
346643.63025525556,4070408.3045245204
346643.6306573493,4070408.3546699057
346643.63105944305,4070408.404815291
346643.6314615368,4070408.4549606764
346643.63186363055,4070408.5051060617
346643.6322657243,4070408.555251447
346643.63266781805,4070408.6053968323
346643.6330699118,4070408.6555422177
346643.63347200555,4070408.705687603
346643.6338740993,4070408.7558329883
346643.63427619304,4070408.8059783736
346643.6346782868,4070408.856123759
346643.63508038054,4070408.9062691443
346643.6354824743,4070408.9564145296
346643.63588456804,4070409.006559915
346643.6362866618,4070409.0567053
346643.63668875553,4070409.1068506856
346643.6370908493,4070409.156996071
346643.63749294303,4070409.207141456
346643.6378950368,4070409.2572868415
346643.6382971305,4070409.307432227
346643.6386992243,4070409.357577612
346643.639101318,4070409.4077229975
346643.6395034118,4070409.457868383
346643.6399055055,4070409.508013768
346643.6403075993,4070409.5581591534
346643.640709693,4070409.6083045388
346643.64111178677,4070409.658449924
346643.6415138805,4070409.7085953094
346643.64191597427,4070409.7587406947
346643.642318068,4070409.80888608
346643.64272016176,4070409.8590314654
346643.6431222555,4070409.9091768507
346643.64352434926,4070409.959322236
346643.643926443,4070410.0094676213
346643.64432853676,4070410.0596130067
346643.6447306305,4070410.109758392
346643.64513272425,4070410.1599037773
346643.645534818,4070410.2100491626
346643.64593691175,4070410.260194548
346643.6463390055,4070410.3103399333
346643.64674109925,4070410.3604853186
346643.647143193,4070410.410630704
346643.64754528675,4070410.460776089
346643.6479473805,4070410.5109214745
346643.64834947424,4070410.56106686
346643.648751568,4070410.611212245
346643.64915366174,4070410.6613576305
346643.6495557555,4070410.711503016
346643.64995784924,4070410.761648401
346643.650359943,4070410.8117937865
346643.65076203673,4070410.861939172
346643.6511641305,4070410.912084557
346643.65156622423,4070410.9622299424
346643.651968318,4070411.0123753278
346643.6523704117,4070411.062520713
346643.6527725055,4070411.1126660984
346643.6531745992,4070411.1628114837
346643.653576693,4070411.212956869
346643.6539787867,4070411.2631022544
346643.65438088047,4070411.3132476397
346643.6547829742,4070411.363393025
346643.65518506797,4070411.4135384103
346643.6555871617,4070411.4636837956
346643.65598925547,4070411.513829181
346643.6563913492,4070411.5639745663
346643.65679344296,4070411.6141199516
346643.6571955367,4070411.664265337
346643.65759763046,4070411.7144107223
346643.6579997242,4070411.7645561076
346643.65840181796,4070411.814701493
346643.6588039117,4070411.864846878
346643.65920600545,4070411.9149922635
346643.6596080992,4070411.965137649
346643.66001019295,4070412.015283034
346643.6604122867,4070412.0654284195
346643.66081438045,4070412.115573805
346643.6612164742,4070412.16571919
346643.66161856794,4070412.2158645755
346643.6620206617,4070412.266009961
346643.66242275544,4070412.316155346
346643.6628248492,4070412.3663007314
346643.66322694294,4070412.4164461168
346643.6636290367,4070412.466591502
346643.66403113044,4070412.5167368874
346643.6644332242,4070412.5668822727
346643.66483531793,4070412.617027658
346643.6652374117,4070412.6671730434
346643.66563950543,4070412.7173184287
346643.6660415992,4070412.767463814
346643.6664436929,4070412.8176091993
346643.6668457867,4070412.8677545846
346643.6672478804,4070412.91789997
346643.6676499742,4070412.9680453553
346643.6680520679,4070413.0181907406
346643.66845416167,4070413.068336126
346643.6688562554,4070413.1184815113
346643.66925834917,4070413.1686268966
346643.6696604429,4070413.218772282
346643.67006253666,4070413.268917667
346643.6704646304,4070413.3190630525
346643.67086672416,4070413.369208438
346643.6712688179,4070413.419353823
346643.67167091166,4070413.4694992085
346643.6720730054,4070413.519644594
346643.67247509916,4070413.569789979
346643.6728771929,4070413.6199353645
346643.67327928665,4070413.67008075
346643.6736813804,4070413.720226135
346643.67408347415,4070413.7703715204
346643.6744855679,4070413.8205169057
346643.67488766165,4070413.870662291
346643.6752897554,4070413.9208076764
346643.67569184914,4070413.9709530617
346643.6760939429,4070414.021098447
346643.67649603664,4070414.0712438324
346643.6768981304,4070414.1213892177
346643.67730022414,4070414.171534603
346643.6777023179,4070414.2216799883
346643.67810441164,4070414.2718253736
346643.6785065054,4070414.321970759
346643.67890859913,4070414.3721161443
346643.6793106929,4070414.4222615296
346643.67971278663,4070414.472406915
346643.6801148804,4070414.5225523002
346643.6805169741,4070414.5726976856
346643.6809190679,4070414.622843071
346643.6813211616,4070414.672988456
346643.6817232554,4070414.7231338415
346643.6821253491,4070414.773279227
346643.68252744287,4070414.823424612
346643.6829295366,4070414.8735699975
346643.68333163037,4070414.923715383
346643.6837337241,4070414.973860768
346643.68413581786,4070415.0240061535
346643.6845379116,4070415.074151539
346643.68494000536,4070415.124296924
346643.6853420991,4070415.1744423094
346643.6853420939,4070415.17444236
346643.6834302039,4070415.224697056
346643.6804448201,4070415.27489942
346643.676387306,4070415.325026522
346643.6712595148,4070415.375055469
346643.66506378836,4070415.4249634123
346643.6578029564,4070415.474727557
346643.64948033507,4070415.524325176
346643.6400997255,4070415.573733616
346643.629665412,4070415.6229303125
346643.6181821601,4070415.6718927952
346643.6056552144,4070415.720598703
346643.59209029615,4070415.76902579
346643.5774936007,4070415.81715194
346643.56187179475,4070415.864955172
346643.545232013,4070415.9124136535
346643.527581855,4070415.9595057094
346643.50892938214,4070416.0062098317
346643.4892831132,4070416.0525046904
346643.468652021,4070416.098369141
346643.4470455283,4070416.143782237
346643.4244735029,4070416.188723237
346643.4009462541,4070416.2331716157
346643.3764745271,4070416.2771070725
346643.3510694987,4070416.320509542
346643.32474277174,4070416.363359201
346643.2975063701,4070416.4056364787
346643.2693727333,4070416.447322067
346643.2403547104,4070416.4883969272
346643.2104655544,4070416.5288422997
346643.1797189163,4070416.5686397124
346643.1481288386,4070416.607770989
346643.1157097492,4070416.6462182575
346643.08247645444,4070416.683963958
346643.0484441325,4070416.720990852
346643.01362832665,4070416.757282028
346642.97804493783,4070416.792820912
346642.94171021774,4070416.8275912716
346642.90464076103,4070416.8615772272
346642.86685349804,4070416.894763257
346642.82836568693,4070416.9271342037
346642.7891949058,4070416.9586752835
346642.74935904454,4070416.9893720904
346642.70887629705,4070417.0192106054
346642.6677651525,4070417.0481772
346642.6260443872,4070417.0762586445
346642.5837330556,4070417.1034421143
346642.5408504823,4070417.129715194
346642.4974162524,4070417.155065884
346642.4534502031,4070417.179482606
346642.4089724146,4070417.202954209
346642.3640032007,4070417.2254699725
346642.31856309966,4070417.247019613
346642.2726728648,4070417.2675932893
346642.22635345504,4070417.287181604
346642.1796260253,4070417.3057756117
346642.1325119169,4070417.32336682
346642.0850326477,4070417.339947194
346642.03720990237,4070417.355509161
346641.9890655224,4070417.370045615
346641.94062149624,4070417.383549915
346641.8918999491,4070417.396015895
346641.84292313317,4070417.407437861
346641.79371341696,4070417.417810596
346641.7442932754,4070417.427129363
346641.69468527974,4070417.435389906
346641.6449120867,4070417.442588452
346641.59499642876,4070417.4487217134
346641.5449611032,4070417.4537868886
346641.49482896214,4070417.457781665
346641.4446229018,4070417.4607042177
346641.3943658523,4070417.462553212
346641.3440807669,4070417.463327803
346641.29379061173,4070417.4630276375
346641.24351835524,4070417.4616528526
346641.1932869577,4070417.459204076
346641.1431193607,4070417.4556824258
346641.09303847677,4070417.451089511
346641.0430671787,4070417.445427429
346640.9932282893,4070417.438698766
346640.94354457094,4070417.4309065943
346640.8940387151,4070417.4220544733
346640.844733332,4070417.4121464463
346640.79565094033,4070417.4011870376
346640.7468139569,4070417.3891812535
346640.6982446865,4070417.3761345767
346640.6499653116,4070417.362052966
346640.6019978822,4070417.3469428527
346640.554364306,4070417.330811138
346640.5070863381,4070417.313665189
346640.4601855713,4070417.2955128374
346640.41368342587,4070417.276362373
346640.36760114034,4070417.2562225424
346640.3219597613,4070417.2351025445
346640.27678013407,4070417.2130120243
346640.2320828929,4070417.189961071
346640.1878884519,4070417.1659602127
346640.1442169955,4070417.141020411
346640.10108846927,4070417.1151530566
346640.05852257076,4070417.088369963
346640.01653874066,4070417.0606833636
346639.97515615367,4070417.032105902
346639.93439371005,4070417.002650631
346639.89427002677,4070416.972331003
346639.854803429,4070416.9411608656
346639.8160119419,4070416.9091544547
346639.7779132822,4070416.8763263887
346639.7405248504,4070416.84269166
346639.7038637223,4070416.8082656306
346639.66794664186,4070416.7730640233
346639.632790013,4070416.737102916
346639.59840989247,4070416.700398732
346639.5648219822,4070416.662968235
346639.5320416225,4070416.6248285207
346639.5000837847,4070416.585997008
346639.4689630646,4070416.546491431
346639.43869367556,4070416.506329834
346639.4092894422,4070416.4655305585
346639.3807637939,4070416.424112239
346639.3531297589,4070416.3820937914
346639.3263999582,4070416.339494407
346639.3005865998,4070416.296333541
346639.27570147306,4070416.2526309066
346639.2517559435,4070416.208406463
346639.2287609476,4070416.163680408
346639.20672698744,4070416.11847317
346639.1856641264,4070416.072805395
346639.1655819843,4070416.02669794
346639.146489733,4070415.980171864
346639.12839609233,4070415.933248416
346639.1113093259,4070415.885949027
346639.0952372376,4070415.838295299
346639.08018716786,4070415.7903089966
346639.0661659903,4070415.7420120365
346639.05318010866,4070415.693426476
346639.0412354538,4070415.6445745053
346639.0303374812,4070415.5954784364
346639.02049116796,4070415.546160692
346639.0117010112,4070415.496643796
346639.0039710255,4070415.446950365
346638.99730474135,4070415.3971030936
346638.9917052033,4070415.3471247484
346638.9871749688,4070415.2970381556
346638.9837161069,4070415.2468661903
346638.98133019725,4070415.1966317673
346638.98001832963,4070415.1463578297
346638.97978110315,4070415.0960673383
346638.98061862617,4070415.045783262
346638.97991630033,4070414.9957053703
346638.9792139745,4070414.945627479
346638.97851164866,4070414.8955495874
346638.9778093228,4070414.845471696
346638.977106997,4070414.7953938046
346638.97640467115,4070414.745315913
346638.9757023453,4070414.6952380217
346638.9750000195,4070414.64516013
346638.97429769364,4070414.595082239
346638.9735953678,4070414.5450043473
346638.97289304197,4070414.494926456
346638.97219071613,4070414.4448485645
346638.9714883903,4070414.394770673
346638.97078606446,4070414.3446927816
346638.9700837386,4070414.29461489
346638.9693814128,4070414.2445369987
346638.96867908695,4070414.1944591072
346638.9679767611,4070414.144381216
346638.9672744353,4070414.0943033244
346638.96657210944,4070414.044225433
346638.9658697836,4070413.9941475415
346638.96516745776,4070413.94406965
346638.9644651319,4070413.8939917586
346638.9637628061,4070413.843913867
346638.96306048025,4070413.7938359757
346638.9623581544,4070413.7437580843
346638.9616558286,4070413.693680193
346638.96095350274,4070413.6436023014
346638.9602511769,4070413.59352441
346638.95954885107,4070413.5434465185
346638.95884652523,4070413.493368627
346638.9581441994,4070413.4432907356
346638.95744187356,4070413.393212844
346638.9567395477,4070413.3431349527
346638.9560372219,4070413.2930570613
346638.95533489605,4070413.24297917
346638.9546325702,4070413.1929012784
346638.9539302444,4070413.142823387
346638.95322791854,4070413.0927454955
346638.9525255927,4070413.042667604
346638.95182326686,4070412.9925897126
346638.951120941,4070412.942511821
346638.9504186152,4070412.8924339297
346638.94971628935,4070412.8423560383
346638.9490139635,4070412.792278147
346638.9483116377,4070412.7422002554
346638.94760931184,4070412.692122364
346638.946906986,4070412.6420444725
346638.94620466017,4070412.591966581
346638.94550233433,4070412.5418886896
346638.9448000085,4070412.491810798
346638.94409768266,4070412.4417329067
346638.9433953568,4070412.3916550153
346638.942693031,4070412.341577124
346638.94199070515,4070412.2914992324
346638.9412883793,4070412.241421341
346638.9405860535,4070412.1913434495
346638.93988372764,4070412.141265558
346638.9391814018,4070412.0911876666
346638.93847907597,4070412.041109775
346638.9377767501,4070411.9910318838
346638.9370744243,4070411.9409539923
346638.93637209845,4070411.890876101
346638.9356697726,4070411.8407982094
346638.9349674468,4070411.790720318
346638.93426512094,4070411.7406424265
346638.9335627951,4070411.690564535
346638.9328604693,4070411.6404866436
346638.93215814343,4070411.590408752
346638.9314558176,4070411.5403308608
346638.93075349176,4070411.4902529693
346638.9300511659,4070411.440175078
346638.9293488401,4070411.3900971864
346638.92864651425,4070411.340019295
346638.9279441884,4070411.2899414035
346638.9272418626,4070411.239863512
346638.92653953674,4070411.1897856207
346638.9258372109,4070411.139707729
346638.92513488507,4070411.089629838
346638.92443255923,4070411.0395519463
346638.9237302334,4070410.989474055
346638.92302790756,4070410.9393961634
346638.9223255817,4070410.889318272
346638.9216232559,4070410.8392403806
346638.92092093005,4070410.789162489
346638.9202186042,4070410.7390845977
346638.9195162784,4070410.6890067062
346638.91881395254,4070410.638928815
346638.9181116267,4070410.5888509233
346638.91740930086,4070410.538773032
346638.916706975,4070410.4886951405
346638.9160046492,4070410.438617249
346638.91530232335,4070410.3885393576
346638.9145999975,4070410.338461466
346638.9138976717,4070410.2883835747
346638.91319534584,4070410.2383056832
346638.91249302,4070410.188227792
346638.91179069417,4070410.1381499004
346638.91108836833,4070410.088072009
346638.9103860425,4070410.0379941175
346638.90968371666,4070409.987916226
346638.9089813908,4070409.9378383346
346638.908279065,4070409.887760443
346638.90757673915,4070409.8376825517
346638.9068744133,4070409.7876046603
346638.9061720875,4070409.737526769
346638.90546976164,4070409.6874488774
346638.9047674358,4070409.637370986
346638.90406510996,4070409.5872930945
346638.9033627841,4070409.537215203
346638.9026604583,4070409.4871373116
346638.90195813245,4070409.43705942
346638.9012558066,4070409.3869815287
346638.9005534808,4070409.3369036373
346638.89985115494,4070409.286825746
346638.8991488291,4070409.2367478544
346638.89844650327,4070409.186669963
346638.89774417743,4070409.1365920715
346638.8970418516,4070409.08651418
346638.89633952576,4070409.0364362886
346638.8956371999,4070408.986358397
346638.8949348741,4070408.9362805057
346638.89423254825,4070408.8862026143
346638.8935302224,4070408.836124723
346638.8928278966,4070408.7860468314
346638.89212557074,4070408.73596894
346638.8914232449,4070408.6858910485
346638.89072091907,4070408.635813157
346638.8900185932,4070408.5857352656
346638.8893162674,4070408.535657374
346638.88861394156,4070408.4855794827
346638.8879116157,4070408.4355015913
346638.8872092899,4070408.3854237
346638.88650696405,4070408.3353458084
346638.8858046382,4070408.285267917
346638.8851023124,4070408.2351900255
346638.88439998653,4070408.185112134
346638.8836976607,4070408.1350342426
346638.88299533486,4070408.084956351
346638.882293009,4070408.0348784598
346638.8815906832,4070407.9848005683
346638.88088835735,4070407.934722677
346638.8801860315,4070407.8846447854
346638.8794837057,4070407.834566894
346638.87878137984,4070407.7844890025
346638.878079054,4070407.734411111
346638.87737672817,4070407.6843332197
346638.87667440233,4070407.634255328
346638.8759720765,4070407.584177437
346638.87526975066,4070407.5340995453
346638.8745674248,4070407.484021654
346638.873865099,4070407.4339437624
346638.87316277315,4070407.383865871
346638.8724604473,4070407.3337879796
346638.8717581215,4070407.283710088
346638.87105579564,4070407.2336321967
346638.8703534698,4070407.183554305
346638.86965114396,4070407.133476414
346638.8689488181,4070407.0833985223
346638.8682464923,4070407.033320631
346638.86754416645,4070406.9832427395
346638.8668418406,4070406.933164848
346638.8661395148,4070406.8830869566
346638.86543718894,4070406.833009065
346638.8647348631,4070406.7829311737
346638.86403253727,4070406.7328532822
346638.86333021143,4070406.682775391
346638.8626278856,4070406.6326974994
346638.86192555976,4070406.582619608
346638.8612232339,4070406.5325417165
346638.8605209081,4070406.482463825
346638.85981858225,4070406.4323859336
346638.8591162564,4070406.382308042
346638.8584139306,4070406.3322301507
346638.85771160474,4070406.2821522593
346638.8570092789,4070406.232074368
346638.85630695306,4070406.1819964764
346638.8556046272,4070406.131918585
346638.8549023014,4070406.0818406935
346638.85419997555,4070406.031762802
346638.8534976497,4070405.9816849106
346638.8527953239,4070405.931607019
346638.85209299804,4070405.8815291277
346638.8513906722,4070405.8314512363
346638.85068834637,4070405.781373345
346638.84998602053,4070405.7312954534
346638.8492836947,4070405.681217562
346638.84858136886,4070405.6311396705
346638.847879043,4070405.581061779
346638.8471767172,4070405.5309838876
346638.84647439135,4070405.480905996
346638.8457720655,4070405.4308281047
346638.8450697397,4070405.3807502133
346638.84436741384,4070405.330672322
346638.843665088,4070405.2805944304
346638.84296276217,4070405.230516539
346638.84226043633,4070405.1804386475
346638.8415581105,4070405.130360756
346638.84085578466,4070405.0802828646
346638.8401534588,4070405.030204973
346638.839451133,4070404.9801270817
346638.83874880715,4070404.9300491903
346638.8380464813,4070404.879971299
346638.8373441555,4070404.8298934074
346638.83664182964,4070404.779815516
346638.8359395038,4070404.7297376245
346638.83523717796,4070404.679659733
346638.8345348521,4070404.6295818416
346638.8338325263,4070404.57950395
346638.83313020045,4070404.5294260588
346638.8324278746,4070404.4793481673
346638.8317255488,4070404.429270276
346638.83102322294,4070404.3791923844
346638.8303208971,4070404.329114493
346638.82961857127,4070404.2790366015
346638.82891624543,4070404.22895871
346638.8282139196,4070404.1788808187
346638.82751159376,4070404.128802927
346638.8268092679,4070404.078725036
346638.8261069421,4070404.0286471443
346638.82540461625,4070403.978569253
346638.8247022904,4070403.9284913614
346638.8239999646,4070403.87841347
346638.82329763874,4070403.8283355786
346638.8225953129,4070403.778257687
346638.82189298706,4070403.7281797957
346638.8211906612,4070403.678101904
346638.8204883354,4070403.628024013
346638.81978600955,4070403.5779461213
346638.8190836837,4070403.52786823
346638.8183813579,4070403.4777903385
346638.81767903204,4070403.427712447
346638.8169767062,4070403.3776345556
346638.81627438037,4070403.327556664
346638.81557205453,4070403.2774787727
346638.8148697287,4070403.2274008812
346638.81416740286,4070403.17732299
346638.813465077,4070403.1272450984
346638.8127627512,4070403.077167207
346638.81206042535,4070403.0270893155
346638.8113580995,4070402.977011424
346638.8106557737,4070402.9269335326
346638.80995344784,4070402.876855641
346638.809251122,4070402.8267777497
346638.80854879617,4070402.7766998583
346638.8078464703,4070402.726621967
346638.8071441445,4070402.6765440754
346638.80644181866,4070402.626466184
346638.8057394928,4070402.5763882925
346638.805037167,4070402.526310401
346638.80433484114,4070402.4762325096
346638.8036325153,4070402.426154618
346638.8029301895,4070402.3760767267
346638.80222786363,4070402.3259988353
346638.8015255378,4070402.275920944
346638.80082321196,4070402.2258430524
346638.8001208861,4070402.175765161
346638.7994185603,4070402.1256872695
346638.79871623445,4070402.075609378
346638.7980139086,4070402.0255314866
346638.7973115828,4070401.975453595
346638.79660925694,4070401.9253757037
346638.7959069311,4070401.8752978123
346638.79520460527,4070401.825219921
346638.79450227943,4070401.7751420294
346638.7937999536,4070401.725064138
346638.79309762776,4070401.6749862465
346638.7923953019,4070401.624908355
346638.7916929761,4070401.5748304636
346638.79099065025,4070401.524752572
346638.7902883244,4070401.4746746807
346638.7895859986,4070401.4245967893
346638.78888367274,4070401.374518898
346638.7881813469,4070401.3244410064
346638.78747902106,4070401.274363115
346638.7867766952,4070401.2242852235
346638.7860743694,4070401.174207332
346638.78537204355,4070401.1241294406
346638.7846697177,4070401.074051549
346638.7839673919,4070401.0239736577
346638.78326506604,4070400.9738957663
346638.7825627402,4070400.923817875
346638.78186041437,4070400.8737399834
346638.78115808853,4070400.823662092
346638.7804557627,4070400.7735842005
346638.77975343686,4070400.723506309
346638.779051111,4070400.6734284176
346638.7783487852,4070400.623350526
346638.77764645935,4070400.5732726348
346638.7769441335,4070400.5231947433
346638.7762418077,4070400.473116852
346638.77553948184,4070400.4230389604
346638.774837156,4070400.372961069
346638.77413483016,4070400.3228831775
346638.7734325043,4070400.272805286
346638.7727301785,4070400.2227273947
346638.77202785265,4070400.172649503
346638.7713255268,4070400.122571612
346638.770623201,4070400.0724937203
346638.76992087514,4070400.022415829
346638.7692185493,4070399.9723379374
346638.76851622347,4070399.922260046
346638.76781389763,4070399.8721821546
346638.7671115718,4070399.822104263
346638.76640924596,4070399.7720263717
346638.7657069201,4070399.7219484802
346638.7650045943,4070399.671870589
346638.76430226845,4070399.6217926973
346638.7635999426,4070399.571714806
346638.7628976168,4070399.5216369145
346638.76219529094,4070399.471559023
346638.7614929651,4070399.4214811316
346638.76079063927,4070399.37140324
346638.76008831343,4070399.3213253487
346638.7593859876,4070399.2712474572
346638.75868366176,4070399.221169566
346638.7579813359,4070399.1710916744
346638.7572790101,4070399.121013783
346638.75657668425,4070399.0709358915
346638.7558743584,4070399.020858
346638.7551720326,4070398.9707801086
346638.75446970674,4070398.920702217
346638.7537673809,4070398.8706243257
346638.75306505506,4070398.8205464343
346638.7523627292,4070398.770468543
346638.7516604034,4070398.7203906514
346638.75095807755,4070398.67031276
346638.7502557517,4070398.6202348685
346638.7495534259,4070398.570156977
346638.74885110004,4070398.5200790856
346638.7481487742,4070398.470001194
346638.74744644837,4070398.4199233027
346638.74674412253,4070398.3698454113
346638.7460417967,4070398.31976752
346638.74533947086,4070398.2696896284
346638.744637145,4070398.219611737
346638.7439348192,4070398.1695338455
346638.74323249335,4070398.119455954
346638.7425301675,4070398.0693780626
346638.7418278417,4070398.019300171
346638.74112551584,4070397.9692222797
346638.74042319,4070397.9191443883
346638.73972086416,4070397.869066497
346638.7390185383,4070397.8189886054
346638.7383162125,4070397.768910714
346638.73761388665,4070397.7188328225
346638.7369115608,4070397.668754931
346638.736209235,4070397.6186770396
346638.73550690914,4070397.568599148
346638.7348045833,4070397.5185212567
346638.73410225747,4070397.4684433653
346638.73339993163,4070397.418365474
346638.7326976058,4070397.3682875824
346638.73199527996,4070397.318209691
346638.7312929541,4070397.2681317995
346638.7305906283,4070397.218053908
346638.72988830245,4070397.1679760166
346638.7291859766,4070397.117898125
346638.7284836508,4070397.0678202338
346638.72778132494,4070397.0177423423
346638.7270789991,4070396.967664451
346638.72637667326,4070396.9175865594
346638.7256743474,4070396.867508668
346638.7249720216,4070396.8174307765
346638.72426969575,4070396.767352885
346638.7235673699,4070396.7172749937
346638.7228650441,4070396.667197102
346638.72216271824,4070396.617119211
346638.7214603924,4070396.5670413193
346638.72075806657,4070396.516963428
346638.72005574073,4070396.4668855364
346638.7193534149,4070396.416807645
346638.71865108906,4070396.3667297536
346638.7179487632,4070396.316651862
346638.7172464374,4070396.2665739707
346638.71654411155,4070396.216496079
346638.7158417857,4070396.166418188
346638.7151394599,4070396.1163402963
346638.71443713404,4070396.066262405
346638.7137348082,4070396.0161845135
346638.71303248237,4070395.966106622
346638.71233015653,4070395.9160287306
346638.7116278307,4070395.865950839
346638.71092550486,4070395.8158729477
346638.710223179,4070395.7657950562
346638.7095208532,4070395.715717165
346638.70881852735,4070395.6656392734
346638.7081162015,4070395.615561382
346638.7074138757,4070395.5654834905
346638.70671154984,4070395.515405599
346638.706009224,4070395.4653277076
346638.70530689816,4070395.415249816
346638.7046045723,4070395.3651719247
346638.7039022465,4070395.3150940333
346638.70319992065,4070395.265016142
346638.7024975948,4070395.2149382504
346638.701795269,4070395.164860359
346638.70109294314,4070395.1147824675
346638.7003906173,4070395.064704576
346638.69968829147,4070395.0146266846
346638.69898596563,4070394.964548793
346638.6982836398,4070394.9144709017
346638.69758131396,4070394.8643930103
346638.6968789881,4070394.814315119
346638.6961766623,4070394.7642372274
346638.69547433645,4070394.714159336
346638.6947720106,4070394.6640814445
346638.6940696848,4070394.614003553
346638.69336735894,4070394.5639256616
346638.6926650331,4070394.51384777
346638.69196270726,4070394.4637698787
346638.6912603814,4070394.4136919873
346638.6905580556,4070394.363614096
346638.68985572975,4070394.3135362044
346638.6891534039,4070394.263458313
346638.6884510781,4070394.2133804215
346638.68774875224,4070394.16330253
346638.6870464264,4070394.1132246386
346638.68634410057,4070394.063146747
346638.68564177473,4070394.0130688557
346638.6849394489,4070393.9629909643
346638.68423712306,4070393.912913073
346638.6835347972,4070393.8628351814
346638.6828324714,4070393.81275729
346638.68213014555,4070393.7626793985
346638.6814278197,4070393.712601507
346638.6807254939,4070393.6625236156
346638.68002316804,4070393.612445724
346638.6793208422,4070393.5623678328
346638.67861851637,4070393.5122899413
346638.6779161905,4070393.46221205
346638.6772138647,4070393.4121341584
346638.67651153886,4070393.362056267
346638.675809213,4070393.3119783755
346638.6751068872,4070393.261900484
346638.67440456134,4070393.2118225927
346638.6737022355,4070393.161744701
346638.6729999097,4070393.11166681
346638.67229758383,4070393.0615889183
346638.671595258,4070393.011511027
346638.67089293216,4070392.9614331354
346638.6701906063,4070392.911355244
346638.6694882805,4070392.8612773526
346638.66878595465,4070392.811199461
346638.6680836288,4070392.7611215697
346638.667381303,4070392.711043678
346638.66667897714,4070392.660965787
346638.6659766513,4070392.6108878953
346638.66527432547,4070392.560810004
346638.66457199963,4070392.5107321125
346638.6638696738,4070392.460654221
346638.66316734796,4070392.4105763296
346638.6624650221,4070392.360498438
346638.6617626963,4070392.3104205467
346638.66106037045,4070392.2603426552
346638.6603580446,4070392.210264764
346638.6596557188,4070392.1601868724
346638.65895339294,4070392.110108981
346638.6582510671,4070392.0600310895
346638.65754874126,4070392.009953198
346638.6568464154,4070391.9598753066
346638.6561440896,4070391.909797415
346638.65544176375,4070391.8597195237
346638.6547394379,4070391.8096416323
346638.6540371121,4070391.759563741
346638.65333478624,4070391.7094858494
346638.6526324604,4070391.659407958
346638.65193013457,4070391.6093300665
346638.65122780873,4070391.559252175
346638.6505254829,4070391.5091742836
346638.64982315706,4070391.459096392
346638.6491208312,4070391.4090185007
346638.6484185054,4070391.3589406093
346638.64771617955,4070391.308862718
346638.6470138537,4070391.2587848264
346638.6463115279,4070391.208706935
346638.64560920204,4070391.1586290435
346638.6449068762,4070391.108551152
346638.64420455036,4070391.0584732606
346638.6435022245,4070391.008395369
346638.6427998987,4070390.9583174777
346638.64209757285,4070390.9082395863
346638.641395247,4070390.858161695
346638.6406929212,4070390.8080838034
346638.63999059534,4070390.758005912
346638.6392882695,4070390.7079280205
346638.63858594367,4070390.657850129
346638.63788361783,4070390.6077722376
346638.637181292,4070390.557694346
346638.63647896616,4070390.5076164547
346638.6357766403,4070390.4575385633
346638.6350743145,4070390.407460672
346638.63437198865,4070390.3573827804
346638.6336696628,4070390.307304889
346638.632967337,4070390.2572269975
346638.63226501114,4070390.207149106
346638.6315626853,4070390.1570712146
346638.63086035947,4070390.106993323
346638.63015803363,4070390.0569154317
346638.6294557078,4070390.0068375403
346638.62875338196,4070389.956759649
346638.6280510561,4070389.9066817574
346638.6273487303,4070389.856603866
346638.62664640445,4070389.8065259745
346638.6259440786,4070389.756448083
346638.6252417528,4070389.7063701916
346638.62453942694,4070389.6562923
346638.6238371011,4070389.6062144088
346638.62313477526,4070389.5561365173
346638.6224324494,4070389.506058626
346638.6217301236,4070389.4559807344
346638.62102779775,4070389.405902843
346638.6203254719,4070389.3558249515
346638.6196231461,4070389.30574706
346638.61892082024,4070389.2556691687
346638.6182184944,4070389.205591277
346638.61751616857,4070389.155513386
346638.61681384273,4070389.1054354943
346638.6161115169,4070389.055357603
346638.61540919106,4070389.0052797114
346638.6147068652,4070388.95520182
346638.6140045394,4070388.9051239286
346638.61330221355,4070388.855046037
346638.6125998877,4070388.8049681457
346638.6118975619,4070388.7548902542
346638.61119523604,4070388.704812363
346638.6104929102,4070388.6547344713
346638.60979058436,4070388.60465658
346638.6090882585,4070388.5545786885
346638.6083859327,4070388.504500797
346638.60768360685,4070388.4544229056
346638.606981281,4070388.404345014
346638.6062789552,4070388.3542671227
346638.60557662934,4070388.3041892312
346638.6048743035,4070388.25411134
346638.60417197767,4070388.2040334484
346638.60346965183,4070388.153955557
346638.602767326,4070388.1038776655
346638.60206500016,4070388.053799774
346638.6013626743,4070388.0037218826
346638.6006603485,4070387.953643991
346638.6006603473,4070387.953643956
346638.5990570608,4070387.903430055
346638.59852719895,4070387.8531933585
346638.5990710039,4070387.802956811
346638.60068822716,4070387.752743357
346638.60337813024,4070387.7025759285
346638.6071394845,4070387.6524774395
346638.6119705721,4070387.60247077
346638.61786918656,4070387.552578759
346638.62483263394,4070387.502824193
346638.6328577339,4070387.453229796
346638.64194082114,4070387.4038182194
346638.65207774733,4070387.354612029
346638.6632638828,4070387.3056336995
346638.6754941185,4070387.2569055995
346638.6887628687,4070387.208449984
346638.70306407334,4070387.1602889835
346638.7183912008,4070387.112444594
346638.73473725095,4070387.0649386677
346638.75209475815,4070387.0177929006
346638.77045579493,4070386.9710288253
346638.7898119755,4070386.9246677994
346638.8101544595,4070386.878730998
346638.8314739562,4070386.8332394
346638.85376072844,4070386.788213783
346638.8770045976,4070386.7436747104
346638.9011949478,4070386.699642525
346638.92632073077,4070386.656137336
346638.9523704711,4070386.613179014
346638.9793322714,4070386.5707871784
346639.0071938177,4070386.52898119
346639.0359423852,4070386.487780143
346639.0655648438,4070386.4472028543
346639.09604766447,4070386.4072678564
346639.1273769251,4070386.3679933883
346639.15953831706,4070386.3293973873
346639.1925171516,4070386.291497481
346639.2262983667,4070386.2543109795
346639.26086653385,4070386.2178548654
346639.29620586516,4070386.18214579
346639.3323002205,4070386.1472000615
346639.3691331149,4070386.113033641
346639.4066877261,4070386.079662132
346639.44494690216,4070386.047100777
346639.48389316956,4070386.0153644467
346639.52350874065,4070385.9844676354
346639.5637755224,4070385.954424455
346639.6046751241,4070385.9252486257
346639.6461888663,4070385.896953474
346639.6882977888,4070385.8695519217
346639.7309826597,4070385.843056484
346639.77422398404,4070385.817479262
346639.8180020127,4070385.7928319373
346639.86229675147,4070385.7691257666
346639.9070879701,4070385.746371577
346639.95235521166,4070385.724579761
346639.9980778017,4070385.7037602705
346640.0442348579,4070385.683922615
346640.0908052995,4070385.6650758544
346640.13776785694,4070385.6472285963
346640.18510108144,4070385.6303889924
346640.23278335517,4070385.6145647326
346640.2807929007,4070385.5997630456
346640.32910779124,4070385.58599069
346640.3777059604,4070385.573253957
346640.42656521255,4070385.5615586634
346640.47566323273,4070385.5509101506
346640.52497759706,4070385.5413132817
346640.57448578265,4070385.5327724405
346640.6241651783,4070385.525291527
346640.6739930944,4070385.5188739584
346640.72394677374,4070385.5135226655
346640.77400340146,4070385.5092400922
346640.8241401159,4070385.506028195
346640.8743340185,4070385.50388844
346640.92456218495,4070385.502821805
346640.97480167507,4070385.502828777
346641.0250295435,4070385.5039093527
346641.0752228503,4070385.5060630385
346641.1253586713,4070385.5092888516
346641.1754141085,4070385.5135853174
346641.22536630067,4070385.518950475
346641.2751924337,4070385.525381873
346641.32486975106,4070385.5328765744
346641.3743755643,4070385.5414311565
346641.4236872631,4070385.551041712
346641.47278232593,4070385.5617038514
346641.5216383302,4070385.5734127057
346641.5702329624,4070385.5861629266
346641.61854402855,4070385.599948691
346641.66654946405,4070385.6147637027
346641.7142273439,4070385.630601196
346641.7615558928,4070385.6474539367
346641.80851349497,4070385.6653142283
346641.85507870384,4070385.6841739137
346641.90123025235,4070385.704024379
346641.9469470622,4070385.724856559
346641.9922082537,4070385.7466609385
346642.03699315526,4070385.769427559
346642.0812813127,4070385.7931460226
346642.1250524988,4070385.817805497
346642.1682867226,4070385.8433947195
346642.2109642381,4070385.869902003
346642.25306555367,4070385.8973152414
346642.29457144096,4070385.9256219147
346642.3354629434,4070385.954809094
346642.3757213851,4070385.9848634494
346642.4153283794,4070386.015771255
346642.4542658368,4070386.0475183935
346642.4925159741,4070386.0800903663
346642.5300613216,4070386.113472297
346642.56688473176,4070386.1476489394
346642.60296938656,4070386.182604684
346642.63829880545,4070386.218323567
346642.67285685294,4070386.2547892733
346642.7066277457,4070386.29198515
346642.7395960599,4070386.329894208
346642.7717467383,4070386.3684991333
346642.80306509713,4070386.4077822953
346642.8335368327,4070386.4477257524
346642.86314802803,4070386.488311261
346642.89188515913,4070386.529520286
346642.91973510117,4070386.5713340053
346642.94668513467,4070386.613733323
346642.9727229509,4070386.6566988733
346642.9978366581,4070386.7002110337
346643.02201478626,4070386.744249932
346643.0452462928,4070386.788795454
346643.0675205674,4070386.833827255
346643.0888274371,4070386.879324768
346643.10915717063,4070386.925267214
346643.128500483,4070386.9716336103
346643.14684853976,4070387.01840278
346643.164192961,4070387.0655533625
346643.1805258253,4070387.1130638244
346643.19583967305,4070387.160912466
346643.21012751013,4070387.209077433
346643.223382811,4070387.25753673
346643.23559952184,4070387.3062682226
346643.2467720629,4070387.3552496554
346643.2568953316,4070387.404458657
346643.26596470445,4070387.453872753
346643.2739760392,4070387.503469375
346643.280925677,4070387.5532258716
346643.2868104438,4070387.603119518
346643.2916276519,4070387.6531275264
346643.2953751012,4070387.703227058
